2026-05-06 05:12:39|Резерв Отзывы Гроза|6422154|3|0|0.00129|0.008
2026-05-06 05:12:39|3 893 826 253 Dmoney|6421948|3|0|0.002335|0.031
2026-05-06 05:12:39|.|6421906|1|0|0.00233575|0.02335755
2026-05-06 05:12:39|12 576 543 6259 BitBuy|6421906|3|0|0.00155711|1.0121215
2026-05-06 05:12:39|117 384 163 5634 Терминал|6421906|1|0|0.00155717|0.0155717
2026-05-06 05:12:39|.|6421906|9|0|0.0035|0.0234
2026-05-06 05:12:39|.|6421824|3|0|0.0155719|1.55719
2026-05-06 05:12:39|0 000 000 2415 Cryptonet|6421772|4|0|0.00311441|0.03192265
2026-05-06 05:12:39|0 000 000 399 LelekaCash|6421659|5|0|0.00389308|0.15276426
2026-05-06 05:12:39|436 789 1709 CryptoSell|6421649|1|0|0.00155723|0.02569434
2026-05-06 05:12:39|0 000 000 233 ChangeExpert|6421525|4|0|0.00545042|0.15572625
2026-05-06 05:12:39|6 500 250 2249 Z-Obmen|6405878|8|0|0.00156107|0.03044079
2026-05-06 05:12:39|.|6392705|8|0|0.00128|0.00687
2026-05-06 05:12:39|5 085 686 1 1006 Crypto-Polis|6392106|1|0|0.00243417|0.40569571
2026-05-06 05:12:39|1 034 590 5423 ObmennCom|6392106|1|0|0.00297242|0.02815973
2026-05-06 05:12:39|2 645 000 669 Crypster|6388921|4|0|0.0016|0.0047
2026-05-06 05:12:39|.|6374960|6|0|0.00078|0.00784
2026-05-06 05:12:39|.|6374960|4|0|0.00078432|0.00784303
2026-05-06 05:12:39|67 933 391 12741 FlashObmen|6374960|3|0|0.0007843|0.007843
2026-05-06 05:12:39|4 212 085 8574 R2Exchange|6373285|1|0|0.002885|0.007212
2026-05-06 05:12:39|.|6373285|2|0|0.0031381|0.31380991
2026-05-06 05:12:39|0 000 000 78 ExchangeBro|6361227|3|0|0.00149342|0.01100417
2026-05-06 05:12:39|чем на 60 мин.|6357702|7|0|0.00314579|0.05505134
2026-05-06 05:12:39|00 000 3189 GetBit|6357077|1|0|0.00235853|1.5723528
2026-05-06 05:12:39|78 837 901 8723 FreeChange|6357077|1|0|0.00162278|0.0097367
2026-05-06 05:12:39|11 960 944 3322 Обмен24|6357077|1|0|0.00471915|0.0786525
2026-05-06 05:12:39|21 901 403 2006 X-Pay|6355989|4|0|0.0021|0.11011353
2026-05-06 05:12:39|7 257 413 5979 24Obmin|6355986|3|0|0.00314664|0.0629328
2026-05-06 05:12:39|чем на 30 мин.|6355986|1|0|0.006136|0.078666
2026-05-06 05:12:39|чем на 20 мин.|6355986|5|0|0.00472|0.086533
2026-05-06 05:12:39|222 905 196 AtlasCash|6355771|4|0|0.00314675|0.03461421
2026-05-06 05:12:39|100 000 487 Papa-Change|6352113|6|0|0.00078714|0.00787124
2026-05-06 05:12:39|.|6349649|3|0|0.00787445|0.47246704
2026-05-06 05:12:39|432 523 1017 OneClick24|6347450|3|0|0.00315087|0.06301743
2026-05-06 05:12:39|000 000 1146 Easyex|6345438|2|0|0.00315187|0.03309464
2026-05-06 05:12:39|0 000 000 498 ProfiCash|6345125|9|0|0.00315203|0.03152026
2026-05-06 05:12:39|99 999 999 452 BitHunter|6340699|1|0|0.01|0.01025124
2026-05-06 05:12:39|0 000 000 1741 CoolCoin|6339378|1|0|0.005952|30
2026-05-06 05:12:39|.|6339341|1|0|0.0022|0.0089
2026-05-06 05:12:39|.|6338309|8|0|0.0023|0.0224
2026-05-06 05:12:39|99 435 882 298 Wishex|6336130|5|0|0.00039456|0.00146777
2026-05-06 05:12:39|36 292 154 Феникс|6333767|4|0|0.00094269|0.00549902
2026-05-06 05:12:39|.|6332097|1|0|0.01579256|1.57925567
2026-05-06 05:12:39|0 000 000 1181 CoinClick|6330352|7|0|0.00078526|0.00549684
2026-05-06 05:12:39|738 270 11976 ColibriPay|6330352|4|0|0.00054967|0.00471149
2026-05-06 05:12:39|.|6330021|5|0|0.02|0.5
2026-05-06 05:12:39|000 000 1656 PremierCash|6328887|2|0|0.00790028|2.92892722
2026-05-06 05:12:39|0 791 250 2164 FastChange|6327913|2|0|0.0063|0.3161
2026-05-06 05:12:39|6 345 466 5715 AllCash|6327913|3|0|0.0032|0.237
2026-05-06 05:12:39|.|6326765|1|0|0.01106411|0.79029333
2026-05-06 05:12:39|0 000 000 2355 GramBit|0006324883|9|0|0.005102|1
2026-05-06 05:12:39|.|6322274|1|0|0.01581709|1.58170928
2026-05-06 05:12:39|.|6314623|6|0|0.00158312|0.01583127
2026-05-06 05:12:39|000 000 3729 PlannEx|6314622|5|0|0.00237544|0.15836261
2026-05-06 05:12:39|чем на 40 мин.|6307631|2|0|0.0021|0.07926905
2026-05-06 05:12:39|2 252 246 92248 ChangeProject|6307631|1|0|0.005466|30
2026-05-06 05:12:39|взимаемая с получаемой валюты.|6307077|6|0|0.000358|0.05
2026-05-06 05:12:39|.|6306693|1|0|0.002|0.008
2026-05-06 05:12:39|38 346 968 4702 GeekChange|6305450|8|0|0.0006|0.3663
2026-05-06 05:12:39|.|6301407|9|0|0.00793474|0.15459278
2026-05-06 05:12:39|.|6300721|6|0|0.0008015|0.0158712
2026-05-06 05:12:39|40 775 4 Bixter|6299698|1|0|0.0032|0.1587
2026-05-06 05:12:39|.|6295443|1|0|0.00555497|0.20632762
2026-05-06 05:12:39|00 000 000 9851 AllTop|6295443|1|0|0.007148|2.91076
2026-05-06 05:12:39|8 324 522 1561 SwapCoin|6291436|1|0|0.0048|0.4768
2026-05-06 05:12:39|.|6284692|6|0|0.00238675|0.02386752
2026-05-06 05:12:39|120 000 1132 AvanChange|6284691|3|0|0.0017|0.064
2026-05-06 05:12:39|099 000 11200 SpbWMCasher|6284691|1|0|0.00604332|0.22264877
2026-05-06 05:12:39|.|6281494|2|0|0.01591978|1.59197792
2026-05-06 05:12:39|0 000 000 3685 24Exchange|6277964|3|0|0.01214688|0.08097919
2026-05-06 05:12:39|2 532 222 54 ExpressMoney|6275793|9|0|0.00159342|0.00796696
2026-05-06 05:12:39|239 117 1763 КупиБит|6274533|9|0|0.00159374|0.00796856
2026-05-06 05:12:39|.|6272641|1|0|0.005|1.98095481
2026-05-06 05:12:39|2 425 818 3133 TytCash|6271804|5|0|0.00031889|0.00148283
2026-05-06 05:12:39|.|6271513|6|0|0.00478353|0.31890231
2026-05-06 05:12:39|000 000 416 CryptoHome|6270122|9|0|0.00159487|0.00797417
2026-05-06 05:12:39|.|6265137|5|0|0.00255381|0.79806717
2026-05-06 05:12:39|000 000 1265 Paxbit|6264864|3|0|0.0008|0.0032
2026-05-06 05:12:39|.|6262273|6|0|0.003|1.03796182
2026-05-06 05:12:39|.|6261652|1|0|0.0025|3
2026-05-06 05:12:39|.|6261032|2|0|0.003|3.19436168
2026-05-06 05:12:39|0 000 000 6776 GoldenGate|6260645|9|0|0.025|20
2026-05-06 05:12:39|8 177 521 1209 Пандпэй|6238129|8|0|0.005466|30
2026-05-06 05:12:39|3 331 396 1 2842 Cooperation|6234793|3|0|0.00080195|0.16039026
2026-05-06 05:12:39|.|6234700|6|0|0.01603927|0.08019633
2026-05-06 05:12:39|.|6234304|1|0|0.00703325|0.2813298
2026-05-06 05:12:39|8 803 366 779 CriptHub|6234073|9|0|0.00160409|0.02406132
2026-05-06 05:12:39|01 000 000 7161 YesObmen|6221444|5|0|0.00642881|0.56252115
2026-05-06 05:12:39|000 000 3796 Киты|6220138|3|0|0.00482304|10
2026-05-06 05:12:39|.|6220137|2|0|0.0016|0.0482
2026-05-06 05:12:39|57 262 266 5796 Обменко|6218934|4|0|0.00659219|0.56274814
2026-05-06 05:12:39|000 000 10674 Искра|6206580|1|0|0.00161119|0.16111933
2026-05-06 05:12:39|000 000 154 Касса|6198312|6|0|0.00484404|0.12917428
2026-05-06 05:12:39|3 272 522 16987 01bit|6192538|1|0|0.00403712|0.04037117
2026-05-06 05:12:39|0 000 000 72 EuroBit|6192291|1|0|0.0048|0.1615
2026-05-06 05:12:39|.|6190480|9|0|0.0055|0.99
2026-05-06 05:12:39|18 534 170 893 Fastify|6185575|1|0|0.001|4.85
2026-05-06 05:12:39|чем на 15 мин.|6184670|1|0|0.001617|0.032338
2026-05-06 05:12:39|.|6176291|1|0|0.0081|1.61909
2026-05-06 05:12:39|00 335 787 468 CoinDrop|6173267|1|0|0.01133921|0.04859663
2026-05-06 05:12:39|000 000 21074 StoreBucks|6171808|1|0|0.00324038|16.2
2026-05-06 05:12:39|00 000 000 6796 Global-Ex|6166373|1|0|0.0013|0.0066
2026-05-06 05:12:39|78 352 432 3425 CurreX|6164098|5|0|0.00161|0.016223
2026-05-06 05:12:39|9 575 280 245 CryptoGin|6163932|4|0|0.00162234|0.04867024
2026-05-06 05:12:39|942 637 1347 Е-Банк|6162376|2|0|0.0032455|0.32455013
2026-05-06 05:12:39|.|6162126|9|0|0.00486845|0.16228166
2026-05-06 05:12:39|519 906 670 CoinsBlack|6159956|9|0|0.0031|0.0979
2026-05-06 05:12:39|.|6159956|1|0|0.00161|0.016234
2026-05-06 05:12:39|1 563 778 1407 YaObmen|6142128|5|0|0.004|0.08603148
2026-05-06 05:12:39|28 416 3927 PinPin|6118248|9|0|0.00081723|0.01307564
2026-05-06 05:12:39|.|6117416|3|0|0.016347|0.555151
2026-05-06 05:12:39|.|6113573|2|0|0.01635705|1.63570468
2026-05-06 05:12:39|0 000 000 1141 CryptoGene|6112758|2|0|0.00016359|0.03271845
2026-05-06 05:12:39|0 473 859 879 LunaBit|6112758|1|0|0.00163592|0.19631072
2026-05-06 05:12:39|5 000 000 762 DoctorBit|6112758|2|0|0.00817961|4.20230804
2026-05-06 05:12:39|чем на 40 мин.|6110258|3|0|0.00073647|0.06546369
2026-05-06 05:12:39|333 333 3287 ЗеленаяСвеча|6110142|1|0|0.00490987|0.16366232
2026-05-06 05:12:39|1 881 989 6790 CryptoYes|6107552|1|0|0.02947171|2.45597588
2026-05-06 05:12:39|5 000 000 2043 Carlos-Exchange|6106491|1|0|0.0071|0.2664
2026-05-06 05:12:39|0 000 000 1941 EpiChange|6105541|2|0|0.000822|0.057325
2026-05-06 05:12:39|81 630 339 5976 Bitcoff|6104993|1|0|0.014|0.04
2026-05-06 05:12:39|6 000 000 564 I-Obmen|6104983|1|0|0.000819|0.16380062
2026-05-06 05:12:39|16 422 610 13010 RoyalCash|6104194|7|0|0.00081911|15.7
2026-05-06 05:12:39|5 544 704 1990 ExLine|6104069|6|0|0.000819|0.040956
2026-05-06 05:12:39|36 764 5592 Xchange|6103798|4|0|0.00081916|31.4
2026-05-06 05:12:39|9 635 228 8098 BlaBlaMoney|6101818|7|0|0.00081943|15.7
2026-05-06 05:12:39|722 750 1829 HodlBase|6096005|6|0|0.18|0.25
2026-05-06 05:12:39|956 591 127 BTchange|6087239|3|0|0.00492834|0.49283428
2026-05-06 05:12:39|600 000 4461 BelkaPay|6083718|5|0|0.00986239|0.89395232
2026-05-06 05:12:39|438 554 2640 CryptoLavka|6083307|1|0|0.00098631|0.08219214
2026-05-06 05:12:39|689 381 1589 БухтаОбмена|6082195|1|0|0.00493243|0.73986452
2026-05-06 05:12:39|2 676 874 7663 CoinCat|6078330|2|0|0.00403699|0.07427581
2026-05-06 05:12:39|7 400 421 13214 Ex-Money|6106069143|7|0|0.00241185|1
2026-05-06 05:12:39|542 628 1555 CrystalMoney|6068588|1|0|0.00082391|10.58
2026-05-06 05:12:39|14 937 201 528 UmaPay|6061068|3|0|0.000825|0.148489
2026-05-06 05:12:39|1 573 033 838 LasloBit|6056909|9|0|0.00041275|0.16014769
2026-05-06 05:12:39|70 000 9145 BTCRotor|6046788|7|0|0.00080488|0.161
2026-05-06 05:12:39|.|6046655|1|0|0.00082674|0.49614209
2026-05-06 05:12:39|5 659 057 10984 ProstovCash|5706044832|3|0|0.00082715|1
2026-05-06 05:12:39|24 840 856 8327 Cashalot|6043271|7|0|0.01158313|0.04964199
2026-05-06 05:12:39|14 412 1556 AltinBit|6042903|3|0|0.00084397|0.16548337
2026-05-06 05:12:39|4 409 978 668 ОбменкаSU|6040305|5|0|0.0004|0.01655546
2026-05-06 05:12:39|отсутствует прямой обмен.|6037732|1|0|0.00033125|0.04140627
2026-05-06 05:12:39|00 000 000 1 17686 Murex|6036435|1|0|0.00496982|0.01656607
2026-05-06 05:12:39|4 936 547 271 NorthCapital|6035504|1|0|0.00165686|0.04970587
2026-05-06 05:12:39|216 072 173 NicexChanger|6034259|1|0|0.00080491|0.161
2026-05-06 05:12:39|3 247 079 6586 AltSwap|6034093|3|0|0.00149908|5.474
2026-05-06 05:12:39|8 349 292 370 MultiXchange|6033555|5|0|0.00129|200
2026-05-06 05:12:39|0 174 307 7049 YChanger|6106030394|7|0|0.00241464|1
2026-05-06 05:12:39|543 431 9262 MChanger|6029944|4|0|0.00160072|0.80036081
2026-05-06 05:12:39|4 857 779 2389 Монеткинс|6029068|7|0|0.00080154|0.5533
2026-05-06 05:12:39|896 532 334 NordChange|6027501|2|0|0.0003863|0.161
2026-05-06 05:12:39|2 685 741 1612 4ange|6027273|9|0|0.00095937|0.5549
2026-05-06 05:12:39|90 000 1034 Sunduk|6025500|9|0|0.0006|0.01643017
2026-05-06 05:12:39|886 179 5385 EasySwap|6021794|3|0|0.00096111|0.801
2026-05-06 05:12:39|.|6020855|3|0|0.0016609|0.0116263
2026-05-06 05:12:39|.|6020535|4|0|0.004|0.5
2026-05-06 05:12:39|20 797 508 375 BaksMan|6018893|1|0|0.00160325|0.801
2026-05-06 05:12:39|5 741 995 7858 FloatChange|6016468|1|0|0.00099726|0.08310523
2026-05-06 05:12:39|2 820 496 4597 Эльвира|6015044|4|0|0.00038237|0.04987494
2026-05-06 05:12:39|55 567 1021 16Tonn|6011872|6|0|0.00166338|0.04990126
2026-05-06 05:12:39|177 709 2080 X-Order|6008334|2|0|0.00332871|0.16643547
2026-05-06 05:12:39|0 782 456 1389 24PayBank|6005043|4|0|0.00083263|15.7
2026-05-06 05:12:39|7 098 933 6629 Cryptojet|6004716|3|0|0.00166536|0.04996073
2026-05-06 05:12:39|455 605 1577 CoinBlinker|5996273|2|0|0.00038639|0.805
2026-05-06 05:12:39|83 289 758 2905 AbcObmen|5995910|2|0|0.0003858|6.68
2026-05-06 05:12:39|0 000 000 5643 BTCWorm|5995875|1|0|0.00038599|1.61
2026-05-06 05:12:39|50 816 797 630 Сова|5994833|1|0|0.000083|13.89
2026-05-06 05:12:39|91 185 130 86327 Метка|5994833|7|0|0.000083|13.89
2026-05-06 05:12:39|7 912 541 16598 Альткоин|5989106|9|0|0.000083|13.89
2026-05-06 05:12:39|29 654 559 18614 Z-Exchange|5984940|9|0|0.0003|0.00250629
2026-05-06 05:12:39|4 937 1303 RealExchange|5983116|8|0|0.00334274|0.08356849
2026-05-06 05:12:39|6 127 143 539 CoinStart|5982105|1|0|0.000334|15
2026-05-06 05:12:39|.|5977386|8|0|0.00079516|0.04868348
2026-05-06 05:12:39|352 300 7272 Банкомат|0005966888|6|0|0.00040236|100
2026-05-06 05:12:39|.|5963604|1|0|0.00194681|0.03244682
2026-05-06 05:12:39|9 191 829 1523 OneMoment|5937558|4|0|0.000168|15
2026-05-06 05:12:39|чем на 20 мин.|5931268|3|0|0.00077894|0.16227828
2026-05-06 05:12:39|785 000 8194 60сек|5922889|7|0|0.00145|24.3
2026-05-06 05:12:39|543 431 6136 CoinTok|5919576|6|0|0.00051|0.033786
2026-05-06 05:12:39|90 000 1085 BitObmen|5919567|4|0|0.00033786|0.01689313
2026-05-06 05:12:39|48 623 1008 Pocket-Exchange|5918466|2|0|0.000253|0.05
2026-05-06 05:12:39|92 641 237 56994 Coinfy|5918466|5|0|0.000084|10
2026-05-06 05:12:39|3 933 110 4068 Депо|5918466|8|0|0.000084|13.89
2026-05-06 05:12:39|1 358 625 147 Crypik|5911308|5|0|0.01|0.5
2026-05-06 05:12:39|149 835 1406 Муха|5894340|2|0|0.00034|0.0168
2026-05-06 05:12:39|587 951 8171 CoinChanger|5892573|7|0|0.00255|0.10182
2026-05-06 05:12:39|593 718 4870 Котлета|5886918|2|0|0.000357|15
2026-05-06 05:12:39|125 468 625 12688 ExWhite|5872369|9|0|0.00255|0.10217
2026-05-06 05:12:39|492 148 4907 Tarifex|5872369|6|0|0.00093455|0.02803643
2026-05-06 05:12:39|0 935 910 605 ExHub|5868066|1|0|0.00256|0.10225
2026-05-06 05:12:39|1 147 233 35101 Арбуз|5865721|7|0|0.00256|0.10229
2026-05-06 05:12:39|803 063 3935 Bitality|5855735|7|0|0.00324468|100
2026-05-06 05:12:39|667 172 3224 Ферма|5854827|2|0|0.000342|10
2026-05-06 05:12:39|7 089 449 52012 BitFlaming|5852710|1|0|0.00324636|0.08115898
2026-05-06 05:12:39|711 351 1358 Kursov24|5852565|4|0|0.00081161|0.12985759
2026-05-06 05:12:39|054 793 1222 ПоТеме|5823421|3|0|0.015|2
2026-05-06 05:12:39|10 628 790 2119 Tuco|5798827|6|0|0.0017|0.1724
2026-05-06 05:12:39|921 366 1299 Крипта|5791187|9|0|0.000432|15
2026-05-06 05:12:39|83 911 524 86008 X-Obmen|5779818|2|0|0.008|0.4
2026-05-06 05:12:39|.|5750846|3|0|0.00017389|0.26083119
2026-05-06 05:12:39|120 000 745 CoinPayMaster|5670817|7|0|0.00486702|0.08111706
2026-05-06 05:12:39|930 678 4008 CosmoChanger|5670817|1|0|0.00324468|0.16223412
2026-05-06 05:12:39|взимаемая с получаемой валюты.|5658976|1|0|0.002|0.2069
2026-05-06 05:12:39|209 840 2500 ChangerBiz|5644305|7|0|0.0016|0.01411224
2026-05-06 05:12:39|.|5636436|2|0|0.01774153|3.90570636
2026-05-06 05:12:39|2 014 265 4220 X-Capital|5598759|2|0|0.001|0.47428452
2026-05-06 05:12:39|655 405 392 BestKurs24|5579976|2|0|0.00107527|0.16129102
2026-05-06 05:12:39|675 654 5160 Perfect-Change|5564754|9|0|0.0001815|0.5
2026-05-06 05:12:39|4 188 100 1777 LovanPay|5547538|5|0|0.0009734|0.01622341
2026-05-06 05:12:39|716 207 1841 BTC-Волга|5521435|1|0|0.00009056|0.18111234
2026-05-06 05:12:39|000 000 617 ExpoChange|5502917|1|0|0.001|0.2
2026-05-06 05:12:39|830 774 755 BitCash|5438963|2|0|0.005|0.02
2026-05-06 05:12:39|341 488 568 IziBTC|5422854|1|0|0.001|1
2026-05-06 05:12:39|5 125 000 5044 MisterBit|5410152|2|0|0.0055451|0.1829893
2026-05-06 05:12:39|536 700 467 BTC-Обменник|5394000|1|0|0.0002|2
2026-05-06 05:12:39|8 318 226 1752 Cash-Bit|5348903|1|0|0.00017|0.2
2026-05-06 05:12:39|1 095 649 3430 WMBlr|5239889|2|0|0.00010401|0.0026804
2026-05-06 05:12:39|06 712 1678 Crypto-Trans|5145546|1|0|0.00015|0.2
2026-05-06 05:12:39|взимаемая с получаемой валюты.|5082396|1|0|0.001|0.01966789
2026-05-06 05:12:39|366 038 248 Ru-Change|4980608|3|0|0.00020078|7.56941575
2026-05-06 05:12:39|7 700 294 2272 Coin-Bank|4919119|1|0|0.00020329|25.23
2026-05-06 05:12:39|24 092 398 2055 GrumBot|4735578|8|0|0.00021539|0.0084467
